version https://git-lfs.github.com/spec/v1
oid sha256:c9f5f88e6cc74360bff9efb9eb4a038492a92ba880ea580413044df1c98d942b
size 6130587
